0.0   1483.3431   228.3129   85.6417   62.4363   310.579   1483.5115   55.5264   47.6036   165.1276   105.5527   18.8804   97.424   8.1557   98.52884  
1483.3431   0.0   1255.0302   1397.7014   1420.9068   1172.7641   0.2456   1427.8167   1435.7395   1318.2155   1529.3784   1473.6269   1385.9191   1475.1874   1556.89554  
228.3129   1255.0302   0.0   142.6712   165.8766   116.7769   1255.1986   172.7865   180.7093   73.3661   303.9424   218.5967   130.8889   220.1572   301.86534  
85.6417   1397.7014   142.6712   0.0   76.9054   224.9373   1397.8698   35.0093   38.0381   79.4859   175.4322   75.9255   41.1603   77.486   168.40834  
62.4363   1420.9068   165.8766   76.9054   0.0   248.1427   1421.0752   41.8961   46.6833   121.1993   163.1528   52.7201   36.8437   54.2806   156.12894  
310.579   1172.7641   116.7769   224.9373   248.1427   0.0   1172.9325   255.0526   262.9754   145.4514   362.2129   300.8628   213.155   302.4233   384.13144  
1483.5115   0.2456   1255.1986   1397.8698   1421.0752   1172.9325   0.0   1427.9851   1435.9079   1318.3839   1529.5468   1473.7953   1386.0875   1475.3558   1557.06394  
55.5264   1427.8167   172.7865   35.0093   41.8961   255.0526   1427.9851   0.0   8.19   109.6012   153.0509   45.8102   41.8976   47.3707   146.02704  
47.6036   1435.7395   180.7093   38.0381   46.6833   262.9754   1435.9079   8.19   0.0   117.524   145.1717   41.7634   49.8204   39.4479   138.14784  
165.1276   1318.2155   73.3661   79.4859   121.1993   145.4514   1318.3839   109.6012   117.524   0.0   244.4733   155.4114   84.3556   156.9719   238.68004  
105.5527   1529.3784   303.9424   175.4322   163.1528   362.2129   1529.5468   153.0509   145.1717   244.4733   0.0   116.4155   191.5693   113.3196   72.92734  
18.8804   1473.6269   218.5967   75.9255   52.7201   300.8628   1473.7953   45.8102   41.7634   155.4114   116.4155   0.0   87.7078   15.9835   109.39164  
97.424   1385.9191   130.8889   41.1603   36.8437   213.155   1386.0875   41.8976   49.8204   84.3556   191.5693   87.7078   0.0   89.2683   184.54544  
8.1557   1475.1874   220.1572   77.486   54.2806   302.4233   1475.3558   47.3707   39.4479   156.9719   113.3196   15.9835   89.2683   0.0   106.29574  
98.52884   1556.89554   301.86534   168.40834   156.12894   384.13144   1557.06394   146.02704   138.14784   238.68004   72.92734   109.39164   184.54544   106.29574   0.0  
