0.0   8.33279882   4.235524057   3.172230282   1.247590405   5.703477432   8.331838879   1.469297921   1.762510889   3.97983261   6.379955946   1.70706738   1.152078953   0.219337269   7.720283244  
8.33279882   0.0   5.793712061   5.207190704   9.580389225   3.846135508   0.001893133   6.881699935   6.581844895   4.43232969   7.993940668   9.706433972   7.200923779   8.505213883   15.92835748  
4.235524057   5.793712061   0.0   1.073995731   5.464917832   3.250647667   5.79275212   2.776110966   2.473427132   1.595254365   4.071184585   5.776253719   3.268916164   4.401224552   11.853122509  
3.172230282   5.207190704   1.073995731   0.0   4.402250651   2.536207986   5.206230763   1.797999463   1.450695743   0.8201687   3.22287669   4.832501454   2.386006285   3.359756611   10.85518089  
1.247590405   9.580389225   5.464917832   4.402250651   0.0   6.930949767   9.579429284   2.708211026   2.999392028   5.206705111   7.607673679   0.696980323   2.390992058   1.091173504   6.677166165  
5.703477432   3.846135508   3.250647667   2.536207986   6.930949767   0.0   3.845910147   4.307113631   3.971903915   1.745700636   5.588184972   7.341615622   4.896654089   5.876753243   13.337640952  
8.331838879   0.001893133   5.79275212   5.206230763   9.579429284   3.845910147   0.0   6.880739994   6.580884954   4.432292171   7.995099221   9.707591643   7.201358056   8.504671312   15.929516033  
1.469297921   6.881699935   2.776110966   1.797999463   2.708211026   4.307113631   6.880739994   0.0   0.36220635   2.599908449   4.942711375   3.047988311   0.597327798   1.628026068   9.109180373  
1.762510889   6.581844895   2.473427132   1.450695743   2.999392028   3.971903915   6.580884954   0.36220635   0.0   2.264236193   4.645344397   3.394076177   0.955876098   1.934214598   9.434308825  
3.97983261   4.43232969   1.595254365   0.8201687   5.206705111   1.745700636   4.432292171   2.599908449   2.264236193   0.0   3.881258498   5.62861351   3.186556149   4.142526673   11.636175814  
6.379955946   7.993940668   4.071184585   3.22287669   7.607673679   5.588184972   7.995099221   4.942711375   4.645344397   3.881258498   0.0   7.951972714   5.372797575   6.526105993   8.23113304  
1.70706738   9.706433972   5.776253719   4.832501454   0.696980323   7.341615622   9.707591643   3.047988311   3.394076177   5.62861351   7.951972714   0.0   2.681092867   1.522686269   6.292500052  
1.152078953   7.200923779   3.268916164   2.386006285   2.390992058   4.896654089   7.201358056   0.597327798   0.955876098   3.186556149   5.372797575   2.681092867   0.0   1.307040548   8.739358925  
0.219337269   8.505213883   4.401224552   3.359756611   1.091173504   5.876753243   8.504671312   1.628026068   1.934214598   4.142526673   6.526105993   1.522686269   1.307040548   0.0   7.553090045  
7.720283244   15.92835748   11.853122509   10.85518089   6.677166165   13.337640952   15.929516033   9.109180373   9.434308825   11.636175814   8.23113304   6.292500052   8.739358925   7.553090045   0.0  
