1.172395514e-13 5858.4758 962.3658 167.7698 611.752 588.577 5857.435 218.568 143.2876 464.593 1255.931 229.58 526.3048 79.8224 704.28534
5858.4758 9.52127265919e-13 5474.1856 5743.7812 5297.7458 5520.8648 2.7728 5652.1726 5741.2334 5601.3572 7077.6196 5637.7154 5338.8802 5789.6334 6526.95014
962.3658 5474.1856 2.55795384874e-13 837.63 462.8914 678.7388 5472.7416 757.383 848.251 729.0292 2201.76 767.513 513.6034 888.943 1645.19974
167.7698 5743.7812 837.63 1.59872115546e-13 493.9318 459.8404 5742.7404 137.9026 40.6926 345.9364 1416.6716 173.2486 459.4518 109.2794 865.1463
611.752 5297.7458 462.8914 493.9318 9.59232693276e-14 547.323 5296.705 406.558 479.4372 550.347 1854.1458 413.826 143.1704 553.3656 1302.0405
588.577 5520.8648 678.7388 459.8404 547.323 1.98951966013e-13 5519.824 388.0702 474.633 177.4752 1832.7864 407.9718 459.5242 512.3862 1274.8531
5857.435 2.7728 5472.7416 5742.7404 5296.705 5519.824 8.66862137627e-13 5651.1318 5740.1926 5600.3164 7076.5788 5636.6746 5337.8394 5788.5926 6525.90934
218.568 5652.1726 757.383 137.9026 406.558 388.0702 5651.1318 7.46069872548e-14 102.456 288.9838 1472.6258 43.4064 328.3832 156.5912 921.5353
143.2876 5741.2334 848.251 40.6926 479.4372 474.633 5740.1926 102.456 1.81188397619e-13 360.909 1391.8698 135.6188 429.3372 84.8664 840.3445
464.593 5601.3572 729.0292 345.9364 550.347 177.4752 5600.3164 288.9838 360.909 1.56319401867e-13 1711.1896 308.8854 463.2362 388.4022 1155.0083
1255.931 7077.6196 2201.76 1416.6716 1854.1458 1832.7864 7076.5788 1472.6258 1391.8698 1711.1896 6.03961325396e-14 1460.8178 1774.739 1327.6534 575.39054
229.58 5637.7154 767.513 173.2486 413.826 407.9718 5636.6746 43.4064 135.6188 308.8854 1460.8178 9.94759830064e-14 327.4448 169.1696 908.3689
526.3048 5338.8802 513.6034 459.4518 143.1704 459.5242 5337.8394 328.3832 429.3372 463.2362 1774.739 327.4448 1.38555833473e-13 453.6 1222.0445
79.8224 5789.6334 888.943 109.2794 553.3656 512.3862 5788.5926 156.5912 84.8664 388.4022 1327.6534 169.1696 453.6 1.52766688188e-13 776.59366
704.28534 6526.95014 1645.19974 865.1463 1302.0405 1274.8531 6525.90934 921.5353 840.3445 1155.0083 575.39054 908.3689 1222.0445 776.59366 6.92779167366e-14
