0.0   9.04651374   4.446981578   3.232261168   1.335690212   5.996066922   9.046731501   1.469720567   1.817240892   4.470487509   6.430024211   1.741008109   1.238900158   0.272400473   7.808033202  
9.04651374   0.0   6.29596946   5.98093651   10.382203952   4.267260938   0.003070835   7.595837501   7.350289818   4.655389711   8.757723853   10.454089621   7.827817494   9.165865599   16.729822358  
4.446981578   6.29596946   0.0   1.345484138   5.76447516   3.331779636   6.296187221   2.987991133   2.739614656   1.874451743   4.332710371   6.021651969   3.39355248   4.559618869   12.152329988  
3.232261168   5.98093651   1.345484138   0.0   4.430319572   2.888828362   5.981154271   1.857607703   1.455996626   1.370854485   3.232839311   4.858591611   2.532858376   3.472850701   10.882899962  
1.335690212   10.382203952   5.76447516   4.430319572   0.0   7.311639064   10.382421713   2.795888187   3.032761832   5.785459817   7.645705221   0.751139401   2.56591307   1.232336515   6.677516014  
5.996066922   4.267260938   3.331779636   2.888828362   7.311639064   0.0   4.268213279   4.600125767   4.319223408   1.943766045   5.930842727   7.668145841   5.102422374   6.116279529   13.7179804  
9.046731501   0.003070835   6.296187221   5.981154271   10.382421713   4.268213279   0.0   7.596055262   7.350507579   4.656529894   8.760060108   10.456424994   7.829429473   9.16650073   16.732158613  
1.469720567   7.595837501   2.987991133   1.857607703   2.795888187   4.600125767   7.596055262   0.0   0.416513707   3.090985994   4.992356994   3.081506394   0.684571649   1.681511918   9.196507685  
1.817240892   7.350289818   2.739614656   1.455996626   3.032761832   4.319223408   7.350507579   0.416513707   0.0   2.809621095   4.650006135   3.414865451   1.097427306   2.042007805   9.46732878  
4.470487509   4.655389711   1.874451743   1.370854485   5.785459817   1.943766045   4.656529894   3.090985994   2.809621095   0.0   4.421981662   6.153209138   3.590389843   4.580118368   12.214580671  
6.430024211   8.757723853   4.332710371   3.232839311   7.645705221   5.930842727   8.760060108   4.992356994   4.650006135   4.421981662   0.0   7.96810025   5.509687045   6.629237462   8.268814733  
1.741008109   10.454089621   6.021651969   4.858591611   0.751139401   7.668145841   10.456424994   3.081506394   3.414865451   6.153209138   7.96810025   0.0   2.801854801   1.609690202   6.346309281  
1.238900158   7.827817494   3.39355248   2.532858376   2.56591307   5.102422374   7.829429473   0.684571649   1.097427306   3.590389843   5.509687045   2.801854801   0.0   1.340798549   8.913930088  
0.272400473   9.165865599   4.559618869   3.472850701   1.232336515   6.116279529   9.16650073   1.681511918   2.042007805   4.580118368   6.629237462   1.609690202   1.340798549   0.0   7.693903207  
7.808033202   16.729822358   12.152329988   10.882899962   6.677516014   13.7179804   16.732158613   9.196507685   9.46732878   12.214580671   8.268814733   6.346309281   8.913930088   7.693903207   0.0  
